(kicad_pcb (version 20171130) (host pcbnew "(5.1.5)-3")

  (general
    (thickness 1.6)
    (drawings 12)
    (tracks 36)
    (zones 0)
    (modules 16)
    (nets 8)
  )

  (page A4)
  (layers
    (0 F.Cu signal)
    (31 B.Cu signal)
    (32 B.Adhes user)
    (33 F.Adhes user)
    (34 B.Paste user)
    (35 F.Paste user)
    (36 B.SilkS user)
    (37 F.SilkS user)
    (38 B.Mask user)
    (39 F.Mask user)
    (40 Dwgs.User user)
    (41 Cmts.User user)
    (42 Eco1.User user)
    (43 Eco2.User user)
    (44 Edge.Cuts user)
    (45 Margin user)
    (46 B.CrtYd user)
    (47 F.CrtYd user)
    (48 B.Fab user hide)
    (49 F.Fab user hide)
  )

  (setup
    (last_trace_width 2)
    (user_trace_width 1)
    (user_trace_width 2)
    (user_trace_width 3)
    (user_trace_width 4)
    (trace_clearance 0.2)
    (zone_clearance 0.508)
    (zone_45_only no)
    (trace_min 0.2)
    (via_size 0.8)
    (via_drill 0.4)
    (via_min_size 0.4)
    (via_min_drill 0.3)
    (uvia_size 0.3)
    (uvia_drill 0.1)
    (uvias_allowed no)
    (uvia_min_size 0.2)
    (uvia_min_drill 0.1)
    (edge_width 0.05)
    (segment_width 0.2)
    (pcb_text_width 0.3)
    (pcb_text_size 1.5 1.5)
    (mod_edge_width 0.12)
    (mod_text_size 1 1)
    (mod_text_width 0.15)
    (pad_size 1.524 1.524)
    (pad_drill 0.762)
    (pad_to_mask_clearance 0.051)
    (solder_mask_min_width 0.25)
    (aux_axis_origin 0 0)
    (visible_elements FFFFFF7F)
    (pcbplotparams
      (layerselection 0x010fc_ffffffff)
      (usegerberextensions false)
      (usegerberattributes false)
      (usegerberadvancedattributes false)
      (creategerberjobfile false)
      (excludeedgelayer true)
      (linewidth 0.100000)
      (plotframeref false)
      (viasonmask false)
      (mode 1)
      (useauxorigin false)
      (hpglpennumber 1)
      (hpglpenspeed 20)
      (hpglpendiameter 15.000000)
      (psnegative false)
      (psa4output false)
      (plotreference true)
      (plotvalue true)
      (plotinvisibletext false)
      (padsonsilk false)
      (subtractmaskfromsilk false)
      (outputformat 1)
      (mirror false)
      (drillshape 0)
      (scaleselection 1)
      (outputdirectory "Gerbers/"))
  )

  (net 0 "")
  (net 1 "Net-(D1-Pad1)")
  (net 2 "Net-(D1-Pad2)")
  (net 3 "Net-(D2-Pad2)")
  (net 4 "Net-(D2-Pad1)")
  (net 5 "Net-(J5-Pad1)")
  (net 6 "Net-(J7-Pad1)")
  (net 7 Earth)

  (net_class Default "This is the default net class."
    (clearance 0.2)
    (trace_width 0.25)
    (via_dia 0.8)
    (via_drill 0.4)
    (uvia_dia 0.3)
    (uvia_drill 0.1)
    (add_net Earth)
    (add_net "Net-(D1-Pad1)")
    (add_net "Net-(D1-Pad2)")
    (add_net "Net-(D2-Pad1)")
    (add_net "Net-(D2-Pad2)")
    (add_net "Net-(J5-Pad1)")
    (add_net "Net-(J7-Pad1)")
  )

  (module Diode_THT:D_DO-27_P12.70mm_Horizontal (layer F.Cu) (tedit 5AE50CD5) (tstamp 5E9AD0D1)
    (at 101.6 72.39 270)
    (descr "Diode, DO-27 series, Axial, Horizontal, pin pitch=12.7mm, , length*diameter=9.52*5.33mm^2, , http://www.slottechforum.com/slotinfo/Techstuff/CD2%20Diodes%20and%20Transistors/Cases/Diode%20DO-27.jpg")
    (tags "Diode DO-27 series Axial Horizontal pin pitch 12.7mm  length 9.52mm diameter 5.33mm")
    (path /5E9B4F51)
    (fp_text reference D1 (at 6.985 0 180) (layer F.SilkS)
      (effects (font (size 1 1) (thickness 0.15)))
    )
    (fp_text value D (at 6.35 3.785 90) (layer F.Fab)
      (effects (font (size 1 1) (thickness 0.15)))
    )
    (fp_line (start 1.59 -2.665) (end 1.59 2.665) (layer F.Fab) (width 0.1))
    (fp_line (start 1.59 2.665) (end 11.11 2.665) (layer F.Fab) (width 0.1))
    (fp_line (start 11.11 2.665) (end 11.11 -2.665) (layer F.Fab) (width 0.1))
    (fp_line (start 11.11 -2.665) (end 1.59 -2.665) (layer F.Fab) (width 0.1))
    (fp_line (start 0 0) (end 1.59 0) (layer F.Fab) (width 0.1))
    (fp_line (start 12.7 0) (end 11.11 0) (layer F.Fab) (width 0.1))
    (fp_line (start 3.018 -2.665) (end 3.018 2.665) (layer F.Fab) (width 0.1))
    (fp_line (start 3.118 -2.665) (end 3.118 2.665) (layer F.Fab) (width 0.1))
    (fp_line (start 2.918 -2.665) (end 2.918 2.665) (layer F.Fab) (width 0.1))
    (fp_line (start 1.47 -2.785) (end 1.47 2.785) (layer F.SilkS) (width 0.12))
    (fp_line (start 1.47 2.785) (end 11.23 2.785) (layer F.SilkS) (width 0.12))
    (fp_line (start 11.23 2.785) (end 11.23 -2.785) (layer F.SilkS) (width 0.12))
    (fp_line (start 11.23 -2.785) (end 1.47 -2.785) (layer F.SilkS) (width 0.12))
    (fp_line (start 1.44 0) (end 1.47 0) (layer F.SilkS) (width 0.12))
    (fp_line (start 11.26 0) (end 11.23 0) (layer F.SilkS) (width 0.12))
    (fp_line (start 3.018 -2.785) (end 3.018 2.785) (layer F.SilkS) (width 0.12))
    (fp_line (start 3.138 -2.785) (end 3.138 2.785) (layer F.SilkS) (width 0.12))
    (fp_line (start 2.898 -2.785) (end 2.898 2.785) (layer F.SilkS) (width 0.12))
    (fp_line (start -1.45 -2.92) (end -1.45 2.92) (layer F.CrtYd) (width 0.05))
    (fp_line (start -1.45 2.92) (end 14.15 2.92) (layer F.CrtYd) (width 0.05))
    (fp_line (start 14.15 2.92) (end 14.15 -2.92) (layer F.CrtYd) (width 0.05))
    (fp_line (start 14.15 -2.92) (end -1.45 -2.92) (layer F.CrtYd) (width 0.05))
    (fp_text user %R (at 7.064 0 90) (layer F.Fab)
      (effects (font (size 1 1) (thickness 0.15)))
    )
    (fp_text user K (at 0 -2.2 90) (layer F.Fab)
      (effects (font (size 1 1) (thickness 0.15)))
    )
    (fp_text user K (at 0 -2.2 90) (layer F.SilkS) hide
      (effects (font (size 1 1) (thickness 0.15)))
    )
    (pad 1 thru_hole rect (at 0 0 270) (size 2.4 2.4) (drill 1.2) (layers *.Cu *.Mask)
      (net 1 "Net-(D1-Pad1)"))
    (pad 2 thru_hole oval (at 12.7 0 270) (size 2.4 2.4) (drill 1.2) (layers *.Cu *.Mask)
      (net 2 "Net-(D1-Pad2)"))
    (model ${KISYS3DMOD}/Diode_THT.3dshapes/D_DO-27_P12.70mm_Horizontal.wrl
      (at (xyz 0 0 0))
      (scale (xyz 1 1 1))
      (rotate (xyz 0 0 0))
    )
  )

  (module Diode_THT:D_DO-27_P12.70mm_Horizontal (layer F.Cu) (tedit 5AE50CD5) (tstamp 5E9AD305)
    (at 146.05 85.09 90)
    (descr "Diode, DO-27 series, Axial, Horizontal, pin pitch=12.7mm, , length*diameter=9.52*5.33mm^2, , http://www.slottechforum.com/slotinfo/Techstuff/CD2%20Diodes%20and%20Transistors/Cases/Diode%20DO-27.jpg")
    (tags "Diode DO-27 series Axial Horizontal pin pitch 12.7mm  length 9.52mm diameter 5.33mm")
    (path /5E9BB32B)
    (fp_text reference D2 (at 5.715 0 180) (layer F.SilkS)
      (effects (font (size 1 1) (thickness 0.15)))
    )
    (fp_text value D (at 6.35 3.785 90) (layer F.Fab)
      (effects (font (size 1 1) (thickness 0.15)))
    )
    (fp_text user K (at -3.175 0 180) (layer F.SilkS) hide
      (effects (font (size 1 1) (thickness 0.15)))
    )
    (fp_text user K (at 0 -2.2 90) (layer F.Fab)
      (effects (font (size 1 1) (thickness 0.15)))
    )
    (fp_text user %R (at 7.064 0 90) (layer F.Fab)
      (effects (font (size 1 1) (thickness 0.15)))
    )
    (fp_line (start 14.15 -2.92) (end -1.45 -2.92) (layer F.CrtYd) (width 0.05))
    (fp_line (start 14.15 2.92) (end 14.15 -2.92) (layer F.CrtYd) (width 0.05))
    (fp_line (start -1.45 2.92) (end 14.15 2.92) (layer F.CrtYd) (width 0.05))
    (fp_line (start -1.45 -2.92) (end -1.45 2.92) (layer F.CrtYd) (width 0.05))
    (fp_line (start 2.898 -2.785) (end 2.898 2.785) (layer F.SilkS) (width 0.12))
    (fp_line (start 3.138 -2.785) (end 3.138 2.785) (layer F.SilkS) (width 0.12))
    (fp_line (start 3.018 -2.785) (end 3.018 2.785) (layer F.SilkS) (width 0.12))
    (fp_line (start 11.26 0) (end 11.23 0) (layer F.SilkS) (width 0.12))
    (fp_line (start 1.44 0) (end 1.47 0) (layer F.SilkS) (width 0.12))
    (fp_line (start 11.23 -2.785) (end 1.47 -2.785) (layer F.SilkS) (width 0.12))
    (fp_line (start 11.23 2.785) (end 11.23 -2.785) (layer F.SilkS) (width 0.12))
    (fp_line (start 1.47 2.785) (end 11.23 2.785) (layer F.SilkS) (width 0.12))
    (fp_line (start 1.47 -2.785) (end 1.47 2.785) (layer F.SilkS) (width 0.12))
    (fp_line (start 2.918 -2.665) (end 2.918 2.665) (layer F.Fab) (width 0.1))
    (fp_line (start 3.118 -2.665) (end 3.118 2.665) (layer F.Fab) (width 0.1))
    (fp_line (start 3.018 -2.665) (end 3.018 2.665) (layer F.Fab) (width 0.1))
    (fp_line (start 12.7 0) (end 11.11 0) (layer F.Fab) (width 0.1))
    (fp_line (start 0 0) (end 1.59 0) (layer F.Fab) (width 0.1))
    (fp_line (start 11.11 -2.665) (end 1.59 -2.665) (layer F.Fab) (width 0.1))
    (fp_line (start 11.11 2.665) (end 11.11 -2.665) (layer F.Fab) (width 0.1))
    (fp_line (start 1.59 2.665) (end 11.11 2.665) (layer F.Fab) (width 0.1))
    (fp_line (start 1.59 -2.665) (end 1.59 2.665) (layer F.Fab) (width 0.1))
    (pad 2 thru_hole oval (at 12.7 0 90) (size 2.4 2.4) (drill 1.2) (layers *.Cu *.Mask)
      (net 3 "Net-(D2-Pad2)"))
    (pad 1 thru_hole rect (at 0 0 90) (size 2.4 2.4) (drill 1.2) (layers *.Cu *.Mask)
      (net 4 "Net-(D2-Pad1)"))
    (model ${KISYS3DMOD}/Diode_THT.3dshapes/D_DO-27_P12.70mm_Horizontal.wrl
      (at (xyz 0 0 0))
      (scale (xyz 1 1 1))
      (rotate (xyz 0 0 0))
    )
  )

  (module MountingHole:MountingHole_3.2mm_M3 (layer F.Cu) (tedit 56D1B4CB) (tstamp 5E9AB7E4)
    (at 101.6 63.5)
    (descr "Mounting Hole 3.2mm, no annular, M3")
    (tags "mounting hole 3.2mm no annular m3")
    (path /5E9CCA70)
    (attr virtual)
    (fp_text reference H1 (at 0 -4.2) (layer F.SilkS) hide
      (effects (font (size 1 1) (thickness 0.15)))
    )
    (fp_text value MountingHole (at 0 4.2) (layer F.Fab)
      (effects (font (size 1 1) (thickness 0.15)))
    )
    (fp_text user %R (at 0.3 0) (layer F.Fab)
      (effects (font (size 1 1) (thickness 0.15)))
    )
    (fp_circle (center 0 0) (end 3.2 0) (layer Cmts.User) (width 0.15))
    (fp_circle (center 0 0) (end 3.45 0) (layer F.CrtYd) (width 0.05))
    (pad 1 np_thru_hole circle (at 0 0) (size 3.2 3.2) (drill 3.2) (layers *.Cu *.Mask))
  )

  (module MountingHole:MountingHole_3.2mm_M3 (layer F.Cu) (tedit 56D1B4CB) (tstamp 5E9AB7EC)
    (at 101.6 93.345)
    (descr "Mounting Hole 3.2mm, no annular, M3")
    (tags "mounting hole 3.2mm no annular m3")
    (path /5E9CC7D2)
    (attr virtual)
    (fp_text reference H2 (at 0 -4.2) (layer F.SilkS) hide
      (effects (font (size 1 1) (thickness 0.15)))
    )
    (fp_text value MountingHole (at 0 4.2) (layer F.Fab)
      (effects (font (size 1 1) (thickness 0.15)))
    )
    (fp_circle (center 0 0) (end 3.45 0) (layer F.CrtYd) (width 0.05))
    (fp_circle (center 0 0) (end 3.2 0) (layer Cmts.User) (width 0.15))
    (fp_text user %R (at 0.3 0) (layer F.Fab)
      (effects (font (size 1 1) (thickness 0.15)))
    )
    (pad 1 np_thru_hole circle (at 0 0) (size 3.2 3.2) (drill 3.2) (layers *.Cu *.Mask))
  )

  (module MountingHole:MountingHole_3.2mm_M3 (layer F.Cu) (tedit 56D1B4CB) (tstamp 5E9AB7F4)
    (at 190.5 93.345)
    (descr "Mounting Hole 3.2mm, no annular, M3")
    (tags "mounting hole 3.2mm no annular m3")
    (path /5E9CBA59)
    (attr virtual)
    (fp_text reference H3 (at 0 -4.2) (layer F.SilkS) hide
      (effects (font (size 1 1) (thickness 0.15)))
    )
    (fp_text value MountingHole (at 0 4.2) (layer F.Fab)
      (effects (font (size 1 1) (thickness 0.15)))
    )
    (fp_text user %R (at 0.3 0) (layer F.Fab)
      (effects (font (size 1 1) (thickness 0.15)))
    )
    (fp_circle (center 0 0) (end 3.2 0) (layer Cmts.User) (width 0.15))
    (fp_circle (center 0 0) (end 3.45 0) (layer F.CrtYd) (width 0.05))
    (pad 1 np_thru_hole circle (at 0 0) (size 3.2 3.2) (drill 3.2) (layers *.Cu *.Mask))
  )

  (module MountingHole:MountingHole_3.2mm_M3_Pad (layer F.Cu) (tedit 56D1B4CB) (tstamp 5E9ADB7F)
    (at 190.5 63.5)
    (descr "Mounting Hole 3.2mm, M3")
    (tags "mounting hole 3.2mm m3")
    (path /5E9C83A4)
    (attr virtual)
    (fp_text reference H6 (at 0 -4.2) (layer F.SilkS) hide
      (effects (font (size 1 1) (thickness 0.15)))
    )
    (fp_text value MountingHole_Pad (at 0 4.2) (layer F.Fab)
      (effects (font (size 1 1) (thickness 0.15)))
    )
    (fp_text user %R (at 0.3 0) (layer F.Fab)
      (effects (font (size 1 1) (thickness 0.15)))
    )
    (fp_circle (center 0 0) (end 3.2 0) (layer Cmts.User) (width 0.15))
    (fp_circle (center 0 0) (end 3.45 0) (layer F.CrtYd) (width 0.05))
    (pad 1 thru_hole circle (at 0 0) (size 6.4 6.4) (drill 3.2) (layers *.Cu *.Mask)
      (net 7 Earth))
  )

  (module Connector:CalTest_CT3151 (layer F.Cu) (tedit 5BAA5155) (tstamp 5E9AD063)
    (at 116.84 80.01 270)
    (descr "Right-angle standard banana jack, http://www.caltestelectronics.com/images/attachments/P315100rH_drawing.pdf")
    (tags "banana jack horizontal")
    (path /5E9A62F2)
    (fp_text reference J1 (at -7.62 2.54 180) (layer F.SilkS)
      (effects (font (size 1 1) (thickness 0.15)))
    )
    (fp_text value Conn_01x01_Female (at 2.54 10.54 90) (layer F.Fab)
      (effects (font (size 1 1) (thickness 0.15)))
    )
    (fp_line (start 5.8 5.8) (end -0.68 5.8) (layer F.Fab) (width 0.1))
    (fp_line (start -0.68 5.8) (end -0.68 7.29) (layer F.Fab) (width 0.1))
    (fp_line (start -0.68 7.29) (end -9.79 9.29) (layer F.Fab) (width 0.1))
    (fp_line (start -9.79 9.29) (end -18.9 9.29) (layer F.Fab) (width 0.1))
    (fp_line (start -18.9 9.29) (end -18.9 8.29) (layer F.Fab) (width 0.1))
    (fp_line (start -18.9 8.29) (end -21.9 8.29) (layer F.Fab) (width 0.1))
    (fp_line (start -21.9 8.29) (end -21.9 -3.21) (layer F.Fab) (width 0.1))
    (fp_line (start -21.9 -3.21) (end -18.9 -3.21) (layer F.Fab) (width 0.1))
    (fp_line (start -18.9 -3.21) (end -18.9 -4.21) (layer F.Fab) (width 0.1))
    (fp_line (start -18.9 -4.21) (end -9.79 -4.21) (layer F.Fab) (width 0.1))
    (fp_line (start -9.79 -4.21) (end -0.68 -2.21) (layer F.Fab) (width 0.1))
    (fp_line (start -0.68 -2.21) (end -0.68 -0.72) (layer F.Fab) (width 0.1))
    (fp_line (start -0.68 -0.72) (end 5.8 -0.72) (layer F.Fab) (width 0.1))
    (fp_line (start 5.8 -0.72) (end 5.8 5.8) (layer F.Fab) (width 0.1))
    (fp_line (start 3.653 5.92) (end 1.417 5.92) (layer F.SilkS) (width 0.12))
    (fp_line (start -0.561 6.703) (end -0.561 7.41) (layer F.SilkS) (width 0.12))
    (fp_line (start -0.561 7.41) (end -9.79 9.41) (layer F.SilkS) (width 0.12))
    (fp_line (start -9.79 9.41) (end -19.02 9.41) (layer F.SilkS) (width 0.12))
    (fp_line (start -19.02 9.41) (end -19.02 8.41) (layer F.SilkS) (width 0.12))
    (fp_line (start -19.02 8.41) (end -22.02 8.41) (layer F.SilkS) (width 0.12))
    (fp_line (start -22.02 8.41) (end -22.02 -3.33) (layer F.SilkS) (width 0.12))
    (fp_line (start -22.02 -3.33) (end -19.02 -3.33) (layer F.SilkS) (width 0.12))
    (fp_line (start -19.02 -3.33) (end -19.02 -4.33) (layer F.SilkS) (width 0.12))
    (fp_line (start -19.02 -4.33) (end -9.79 -4.33) (layer F.SilkS) (width 0.12))
    (fp_line (start -9.79 -4.33) (end -0.561 -2.33) (layer F.SilkS) (width 0.12))
    (fp_line (start -0.561 -2.33) (end -0.561 -1.623) (layer F.SilkS) (width 0.12))
    (fp_line (start 1.417 -0.84) (end 3.652 -0.84) (layer F.SilkS) (width 0.12))
    (fp_line (start 5.92 1.425) (end 5.92 3.656) (layer F.SilkS) (width 0.12))
    (fp_line (start -22.4 -4.71) (end -22.4 9.79) (layer F.CrtYd) (width 0.05))
    (fp_line (start -22.4 9.79) (end 6.88 9.79) (layer F.CrtYd) (width 0.05))
    (fp_line (start 6.88 9.79) (end 6.88 -4.71) (layer F.CrtYd) (width 0.05))
    (fp_line (start 6.88 -4.71) (end -22.4 -4.71) (layer F.CrtYd) (width 0.05))
    (fp_text user %R (at 2.54 2.54 90) (layer F.Fab)
      (effects (font (size 1 1) (thickness 0.15)))
    )
    (pad 1 thru_hole circle (at 0 0 270) (size 2.6 2.6) (drill 1.6) (layers *.Cu *.Mask)
      (net 1 "Net-(D1-Pad1)"))
    (pad 1 thru_hole circle (at 0 5.08 270) (size 2.6 2.6) (drill 1.6) (layers *.Cu *.Mask)
      (net 1 "Net-(D1-Pad1)"))
    (pad 1 thru_hole circle (at 5.08 0 270) (size 2.6 2.6) (drill 1.6) (layers *.Cu *.Mask)
      (net 1 "Net-(D1-Pad1)"))
    (pad 1 thru_hole circle (at 5.08 5.08 270) (size 2.6 2.6) (drill 1.6) (layers *.Cu *.Mask)
      (net 1 "Net-(D1-Pad1)"))
    (model ${KISYS3DMOD}/Connector.3dshapes/CalTest_CT3151.wrl
      (at (xyz 0 0 0))
      (scale (xyz 1 1 1))
      (rotate (xyz 0 0 0))
    )
  )

  (module TerminalBlock_TE-Connectivity:TerminalBlock_TE_282834-4_1x04_P2.54mm_Horizontal (layer F.Cu) (tedit 5B1EC513) (tstamp 5E9ACFED)
    (at 110.49 92.71)
    (descr "Terminal Block TE 282834-4, 4 pins, pitch 2.54mm, size 10.620000000000001x6.5mm^2, drill diamater 1.1mm, pad diameter 2.1mm, see http://www.te.com/commerce/DocumentDelivery/DDEController?Action=showdoc&DocId=Customer+Drawing%7F282834%7FC1%7Fpdf%7FEnglish%7FENG_CD_282834_C1.pdf, script-generated using https://github.com/pointhi/kicad-footprint-generator/scripts/TerminalBlock_TE-Connectivity")
    (tags "THT Terminal Block TE 282834-4 pitch 2.54mm size 10.620000000000001x6.5mm^2 drill 1.1mm pad 2.1mm")
    (path /5E9B0DD6)
    (fp_text reference J2 (at 3.75 1.98) (layer F.SilkS)
      (effects (font (size 1 1) (thickness 0.15)))
    )
    (fp_text value Screw_Terminal_01x04 (at 3.81 4.37) (layer F.Fab)
      (effects (font (size 1 1) (thickness 0.15)))
    )
    (fp_circle (center 0 0) (end 1.1 0) (layer F.Fab) (width 0.1))
    (fp_circle (center 2.54 0) (end 3.64 0) (layer F.Fab) (width 0.1))
    (fp_circle (center 5.08 0) (end 6.18 0) (layer F.Fab) (width 0.1))
    (fp_circle (center 7.62 0) (end 8.72 0) (layer F.Fab) (width 0.1))
    (fp_line (start -1.5 -3.25) (end 9.12 -3.25) (layer F.Fab) (width 0.1))
    (fp_line (start 9.12 -3.25) (end 9.12 3.25) (layer F.Fab) (width 0.1))
    (fp_line (start 9.12 3.25) (end -1.1 3.25) (layer F.Fab) (width 0.1))
    (fp_line (start -1.1 3.25) (end -1.5 2.85) (layer F.Fab) (width 0.1))
    (fp_line (start -1.5 2.85) (end -1.5 -3.25) (layer F.Fab) (width 0.1))
    (fp_line (start -1.5 2.85) (end 9.12 2.85) (layer F.Fab) (width 0.1))
    (fp_line (start -1.62 2.85) (end 9.241 2.85) (layer F.SilkS) (width 0.12))
    (fp_line (start -1.5 -2.25) (end 9.12 -2.25) (layer F.Fab) (width 0.1))
    (fp_line (start -1.62 -2.25) (end 9.241 -2.25) (layer F.SilkS) (width 0.12))
    (fp_line (start -1.62 -3.37) (end 9.241 -3.37) (layer F.SilkS) (width 0.12))
    (fp_line (start -1.62 3.37) (end 9.241 3.37) (layer F.SilkS) (width 0.12))
    (fp_line (start -1.62 -3.37) (end -1.62 3.37) (layer F.SilkS) (width 0.12))
    (fp_line (start 9.241 -3.37) (end 9.241 3.37) (layer F.SilkS) (width 0.12))
    (fp_line (start 0.835 -0.7) (end -0.701 0.835) (layer F.Fab) (width 0.1))
    (fp_line (start 0.701 -0.835) (end -0.835 0.7) (layer F.Fab) (width 0.1))
    (fp_line (start 3.375 -0.7) (end 1.84 0.835) (layer F.Fab) (width 0.1))
    (fp_line (start 3.241 -0.835) (end 1.706 0.7) (layer F.Fab) (width 0.1))
    (fp_line (start 5.915 -0.7) (end 4.38 0.835) (layer F.Fab) (width 0.1))
    (fp_line (start 5.781 -0.835) (end 4.246 0.7) (layer F.Fab) (width 0.1))
    (fp_line (start 8.455 -0.7) (end 6.92 0.835) (layer F.Fab) (width 0.1))
    (fp_line (start 8.321 -0.835) (end 6.786 0.7) (layer F.Fab) (width 0.1))
    (fp_line (start -1.86 2.97) (end -1.86 3.61) (layer F.SilkS) (width 0.12))
    (fp_line (start -1.86 3.61) (end -1.46 3.61) (layer F.SilkS) (width 0.12))
    (fp_line (start -2 -3.75) (end -2 3.75) (layer F.CrtYd) (width 0.05))
    (fp_line (start -2 3.75) (end 9.63 3.75) (layer F.CrtYd) (width 0.05))
    (fp_line (start 9.63 3.75) (end 9.63 -3.75) (layer F.CrtYd) (width 0.05))
    (fp_line (start 9.63 -3.75) (end -2 -3.75) (layer F.CrtYd) (width 0.05))
    (fp_text user %R (at 3.81 2) (layer F.Fab)
      (effects (font (size 1 1) (thickness 0.15)))
    )
    (pad 1 thru_hole rect (at 0 0) (size 2.1 2.1) (drill 1.1) (layers *.Cu *.Mask)
      (net 2 "Net-(D1-Pad2)"))
    (pad 2 thru_hole circle (at 2.54 0) (size 2.1 2.1) (drill 1.1) (layers *.Cu *.Mask)
      (net 2 "Net-(D1-Pad2)"))
    (pad 3 thru_hole circle (at 5.08 0) (size 2.1 2.1) (drill 1.1) (layers *.Cu *.Mask)
      (net 2 "Net-(D1-Pad2)"))
    (pad 4 thru_hole circle (at 7.62 0) (size 2.1 2.1) (drill 1.1) (layers *.Cu *.Mask)
      (net 2 "Net-(D1-Pad2)"))
    (model ${KISYS3DMOD}/TerminalBlock_TE-Connectivity.3dshapes/TerminalBlock_TE_282834-4_1x04_P2.54mm_Horizontal.wrl
      (at (xyz 0 0 0))
      (scale (xyz 1 1 1))
      (rotate (xyz 0 0 0))
    )
  )

  (module Connector:CalTest_CT3151 (layer F.Cu) (tedit 5BAA5155) (tstamp 5E9AD297)
    (at 135.89 80.01 270)
    (descr "Right-angle standard banana jack, http://www.caltestelectronics.com/images/attachments/P315100rH_drawing.pdf")
    (tags "banana jack horizontal")
    (path /5E9BB317)
    (fp_text reference J3 (at -7.62 2.54 180) (layer F.SilkS)
      (effects (font (size 1 1) (thickness 0.15)))
    )
    (fp_text value Conn_01x01_Female (at 2.54 10.54 90) (layer F.Fab)
      (effects (font (size 1 1) (thickness 0.15)))
    )
    (fp_text user %R (at 2.54 2.54 90) (layer F.Fab)
      (effects (font (size 1 1) (thickness 0.15)))
    )
    (fp_line (start 6.88 -4.71) (end -22.4 -4.71) (layer F.CrtYd) (width 0.05))
    (fp_line (start 6.88 9.79) (end 6.88 -4.71) (layer F.CrtYd) (width 0.05))
    (fp_line (start -22.4 9.79) (end 6.88 9.79) (layer F.CrtYd) (width 0.05))
    (fp_line (start -22.4 -4.71) (end -22.4 9.79) (layer F.CrtYd) (width 0.05))
    (fp_line (start 5.92 1.425) (end 5.92 3.656) (layer F.SilkS) (width 0.12))
    (fp_line (start 1.417 -0.84) (end 3.652 -0.84) (layer F.SilkS) (width 0.12))
    (fp_line (start -0.561 -2.33) (end -0.561 -1.623) (layer F.SilkS) (width 0.12))
    (fp_line (start -9.79 -4.33) (end -0.561 -2.33) (layer F.SilkS) (width 0.12))
    (fp_line (start -19.02 -4.33) (end -9.79 -4.33) (layer F.SilkS) (width 0.12))
    (fp_line (start -19.02 -3.33) (end -19.02 -4.33) (layer F.SilkS) (width 0.12))
    (fp_line (start -22.02 -3.33) (end -19.02 -3.33) (layer F.SilkS) (width 0.12))
    (fp_line (start -22.02 8.41) (end -22.02 -3.33) (layer F.SilkS) (width 0.12))
    (fp_line (start -19.02 8.41) (end -22.02 8.41) (layer F.SilkS) (width 0.12))
    (fp_line (start -19.02 9.41) (end -19.02 8.41) (layer F.SilkS) (width 0.12))
    (fp_line (start -9.79 9.41) (end -19.02 9.41) (layer F.SilkS) (width 0.12))
    (fp_line (start -0.561 7.41) (end -9.79 9.41) (layer F.SilkS) (width 0.12))
    (fp_line (start -0.561 6.703) (end -0.561 7.41) (layer F.SilkS) (width 0.12))
    (fp_line (start 3.653 5.92) (end 1.417 5.92) (layer F.SilkS) (width 0.12))
    (fp_line (start 5.8 -0.72) (end 5.8 5.8) (layer F.Fab) (width 0.1))
    (fp_line (start -0.68 -0.72) (end 5.8 -0.72) (layer F.Fab) (width 0.1))
    (fp_line (start -0.68 -2.21) (end -0.68 -0.72) (layer F.Fab) (width 0.1))
    (fp_line (start -9.79 -4.21) (end -0.68 -2.21) (layer F.Fab) (width 0.1))
    (fp_line (start -18.9 -4.21) (end -9.79 -4.21) (layer F.Fab) (width 0.1))
    (fp_line (start -18.9 -3.21) (end -18.9 -4.21) (layer F.Fab) (width 0.1))
    (fp_line (start -21.9 -3.21) (end -18.9 -3.21) (layer F.Fab) (width 0.1))
    (fp_line (start -21.9 8.29) (end -21.9 -3.21) (layer F.Fab) (width 0.1))
    (fp_line (start -18.9 8.29) (end -21.9 8.29) (layer F.Fab) (width 0.1))
    (fp_line (start -18.9 9.29) (end -18.9 8.29) (layer F.Fab) (width 0.1))
    (fp_line (start -9.79 9.29) (end -18.9 9.29) (layer F.Fab) (width 0.1))
    (fp_line (start -0.68 7.29) (end -9.79 9.29) (layer F.Fab) (width 0.1))
    (fp_line (start -0.68 5.8) (end -0.68 7.29) (layer F.Fab) (width 0.1))
    (fp_line (start 5.8 5.8) (end -0.68 5.8) (layer F.Fab) (width 0.1))
    (pad 1 thru_hole circle (at 5.08 5.08 270) (size 2.6 2.6) (drill 1.6) (layers *.Cu *.Mask)
      (net 3 "Net-(D2-Pad2)"))
    (pad 1 thru_hole circle (at 5.08 0 270) (size 2.6 2.6) (drill 1.6) (layers *.Cu *.Mask)
      (net 3 "Net-(D2-Pad2)"))
    (pad 1 thru_hole circle (at 0 5.08 270) (size 2.6 2.6) (drill 1.6) (layers *.Cu *.Mask)
      (net 3 "Net-(D2-Pad2)"))
    (pad 1 thru_hole circle (at 0 0 270) (size 2.6 2.6) (drill 1.6) (layers *.Cu *.Mask)
      (net 3 "Net-(D2-Pad2)"))
    (model ${KISYS3DMOD}/Connector.3dshapes/CalTest_CT3151.wrl
      (at (xyz 0 0 0))
      (scale (xyz 1 1 1))
      (rotate (xyz 0 0 0))
    )
  )

  (module TerminalBlock_TE-Connectivity:TerminalBlock_TE_282834-4_1x04_P2.54mm_Horizontal (layer F.Cu) (tedit 5B1EC513) (tstamp 5E9AD221)
    (at 129.54 92.71)
    (descr "Terminal Block TE 282834-4, 4 pins, pitch 2.54mm, size 10.620000000000001x6.5mm^2, drill diamater 1.1mm, pad diameter 2.1mm, see http://www.te.com/commerce/DocumentDelivery/DDEController?Action=showdoc&DocId=Customer+Drawing%7F282834%7FC1%7Fpdf%7FEnglish%7FENG_CD_282834_C1.pdf, script-generated using https://github.com/pointhi/kicad-footprint-generator/scripts/TerminalBlock_TE-Connectivity")
    (tags "THT Terminal Block TE 282834-4 pitch 2.54mm size 10.620000000000001x6.5mm^2 drill 1.1mm pad 2.1mm")
    (path /5E9BB321)
    (fp_text reference J4 (at 3.85 1.99) (layer F.SilkS)
      (effects (font (size 1 1) (thickness 0.15)))
    )
    (fp_text value Screw_Terminal_01x04 (at 3.81 4.37) (layer F.Fab)
      (effects (font (size 1 1) (thickness 0.15)))
    )
    (fp_text user %R (at 3.81 2) (layer F.Fab)
      (effects (font (size 1 1) (thickness 0.15)))
    )
    (fp_line (start 9.63 -3.75) (end -2 -3.75) (layer F.CrtYd) (width 0.05))
    (fp_line (start 9.63 3.75) (end 9.63 -3.75) (layer F.CrtYd) (width 0.05))
    (fp_line (start -2 3.75) (end 9.63 3.75) (layer F.CrtYd) (width 0.05))
    (fp_line (start -2 -3.75) (end -2 3.75) (layer F.CrtYd) (width 0.05))
    (fp_line (start -1.86 3.61) (end -1.46 3.61) (layer F.SilkS) (width 0.12))
    (fp_line (start -1.86 2.97) (end -1.86 3.61) (layer F.SilkS) (width 0.12))
    (fp_line (start 8.321 -0.835) (end 6.786 0.7) (layer F.Fab) (width 0.1))
    (fp_line (start 8.455 -0.7) (end 6.92 0.835) (layer F.Fab) (width 0.1))
    (fp_line (start 5.781 -0.835) (end 4.246 0.7) (layer F.Fab) (width 0.1))
    (fp_line (start 5.915 -0.7) (end 4.38 0.835) (layer F.Fab) (width 0.1))
    (fp_line (start 3.241 -0.835) (end 1.706 0.7) (layer F.Fab) (width 0.1))
    (fp_line (start 3.375 -0.7) (end 1.84 0.835) (layer F.Fab) (width 0.1))
    (fp_line (start 0.701 -0.835) (end -0.835 0.7) (layer F.Fab) (width 0.1))
    (fp_line (start 0.835 -0.7) (end -0.701 0.835) (layer F.Fab) (width 0.1))
    (fp_line (start 9.241 -3.37) (end 9.241 3.37) (layer F.SilkS) (width 0.12))
    (fp_line (start -1.62 -3.37) (end -1.62 3.37) (layer F.SilkS) (width 0.12))
    (fp_line (start -1.62 3.37) (end 9.241 3.37) (layer F.SilkS) (width 0.12))
    (fp_line (start -1.62 -3.37) (end 9.241 -3.37) (layer F.SilkS) (width 0.12))
    (fp_line (start -1.62 -2.25) (end 9.241 -2.25) (layer F.SilkS) (width 0.12))
    (fp_line (start -1.5 -2.25) (end 9.12 -2.25) (layer F.Fab) (width 0.1))
    (fp_line (start -1.62 2.85) (end 9.241 2.85) (layer F.SilkS) (width 0.12))
    (fp_line (start -1.5 2.85) (end 9.12 2.85) (layer F.Fab) (width 0.1))
    (fp_line (start -1.5 2.85) (end -1.5 -3.25) (layer F.Fab) (width 0.1))
    (fp_line (start -1.1 3.25) (end -1.5 2.85) (layer F.Fab) (width 0.1))
    (fp_line (start 9.12 3.25) (end -1.1 3.25) (layer F.Fab) (width 0.1))
    (fp_line (start 9.12 -3.25) (end 9.12 3.25) (layer F.Fab) (width 0.1))
    (fp_line (start -1.5 -3.25) (end 9.12 -3.25) (layer F.Fab) (width 0.1))
    (fp_circle (center 7.62 0) (end 8.72 0) (layer F.Fab) (width 0.1))
    (fp_circle (center 5.08 0) (end 6.18 0) (layer F.Fab) (width 0.1))
    (fp_circle (center 2.54 0) (end 3.64 0) (layer F.Fab) (width 0.1))
    (fp_circle (center 0 0) (end 1.1 0) (layer F.Fab) (width 0.1))
    (pad 4 thru_hole circle (at 7.62 0) (size 2.1 2.1) (drill 1.1) (layers *.Cu *.Mask)
      (net 4 "Net-(D2-Pad1)"))
    (pad 3 thru_hole circle (at 5.08 0) (size 2.1 2.1) (drill 1.1) (layers *.Cu *.Mask)
      (net 4 "Net-(D2-Pad1)"))
    (pad 2 thru_hole circle (at 2.54 0) (size 2.1 2.1) (drill 1.1) (layers *.Cu *.Mask)
      (net 4 "Net-(D2-Pad1)"))
    (pad 1 thru_hole rect (at 0 0) (size 2.1 2.1) (drill 1.1) (layers *.Cu *.Mask)
      (net 4 "Net-(D2-Pad1)"))
    (model ${KISYS3DMOD}/TerminalBlock_TE-Connectivity.3dshapes/TerminalBlock_TE_282834-4_1x04_P2.54mm_Horizontal.wrl
      (at (xyz 0 0 0))
      (scale (xyz 1 1 1))
      (rotate (xyz 0 0 0))
    )
  )

  (module Connector:CalTest_CT3151 (layer F.Cu) (tedit 5BAA5155) (tstamp 5E9AD135)
    (at 161.29 80.01 270)
    (descr "Right-angle standard banana jack, http://www.caltestelectronics.com/images/attachments/P315100rH_drawing.pdf")
    (tags "banana jack horizontal")
    (path /5E9BE559)
    (fp_text reference J5 (at -7.62 2.54 180) (layer F.SilkS)
      (effects (font (size 1 1) (thickness 0.15)))
    )
    (fp_text value Conn_01x01_Female (at 2.54 10.54 90) (layer F.Fab)
      (effects (font (size 1 1) (thickness 0.15)))
    )
    (fp_line (start 5.8 5.8) (end -0.68 5.8) (layer F.Fab) (width 0.1))
    (fp_line (start -0.68 5.8) (end -0.68 7.29) (layer F.Fab) (width 0.1))
    (fp_line (start -0.68 7.29) (end -9.79 9.29) (layer F.Fab) (width 0.1))
    (fp_line (start -9.79 9.29) (end -18.9 9.29) (layer F.Fab) (width 0.1))
    (fp_line (start -18.9 9.29) (end -18.9 8.29) (layer F.Fab) (width 0.1))
    (fp_line (start -18.9 8.29) (end -21.9 8.29) (layer F.Fab) (width 0.1))
    (fp_line (start -21.9 8.29) (end -21.9 -3.21) (layer F.Fab) (width 0.1))
    (fp_line (start -21.9 -3.21) (end -18.9 -3.21) (layer F.Fab) (width 0.1))
    (fp_line (start -18.9 -3.21) (end -18.9 -4.21) (layer F.Fab) (width 0.1))
    (fp_line (start -18.9 -4.21) (end -9.79 -4.21) (layer F.Fab) (width 0.1))
    (fp_line (start -9.79 -4.21) (end -0.68 -2.21) (layer F.Fab) (width 0.1))
    (fp_line (start -0.68 -2.21) (end -0.68 -0.72) (layer F.Fab) (width 0.1))
    (fp_line (start -0.68 -0.72) (end 5.8 -0.72) (layer F.Fab) (width 0.1))
    (fp_line (start 5.8 -0.72) (end 5.8 5.8) (layer F.Fab) (width 0.1))
    (fp_line (start 3.653 5.92) (end 1.417 5.92) (layer F.SilkS) (width 0.12))
    (fp_line (start -0.561 6.703) (end -0.561 7.41) (layer F.SilkS) (width 0.12))
    (fp_line (start -0.561 7.41) (end -9.79 9.41) (layer F.SilkS) (width 0.12))
    (fp_line (start -9.79 9.41) (end -19.02 9.41) (layer F.SilkS) (width 0.12))
    (fp_line (start -19.02 9.41) (end -19.02 8.41) (layer F.SilkS) (width 0.12))
    (fp_line (start -19.02 8.41) (end -22.02 8.41) (layer F.SilkS) (width 0.12))
    (fp_line (start -22.02 8.41) (end -22.02 -3.33) (layer F.SilkS) (width 0.12))
    (fp_line (start -22.02 -3.33) (end -19.02 -3.33) (layer F.SilkS) (width 0.12))
    (fp_line (start -19.02 -3.33) (end -19.02 -4.33) (layer F.SilkS) (width 0.12))
    (fp_line (start -19.02 -4.33) (end -9.79 -4.33) (layer F.SilkS) (width 0.12))
    (fp_line (start -9.79 -4.33) (end -0.561 -2.33) (layer F.SilkS) (width 0.12))
    (fp_line (start -0.561 -2.33) (end -0.561 -1.623) (layer F.SilkS) (width 0.12))
    (fp_line (start 1.417 -0.84) (end 3.652 -0.84) (layer F.SilkS) (width 0.12))
    (fp_line (start 5.92 1.425) (end 5.92 3.656) (layer F.SilkS) (width 0.12))
    (fp_line (start -22.4 -4.71) (end -22.4 9.79) (layer F.CrtYd) (width 0.05))
    (fp_line (start -22.4 9.79) (end 6.88 9.79) (layer F.CrtYd) (width 0.05))
    (fp_line (start 6.88 9.79) (end 6.88 -4.71) (layer F.CrtYd) (width 0.05))
    (fp_line (start 6.88 -4.71) (end -22.4 -4.71) (layer F.CrtYd) (width 0.05))
    (fp_text user %R (at 2.54 2.54 90) (layer F.Fab)
      (effects (font (size 1 1) (thickness 0.15)))
    )
    (pad 1 thru_hole circle (at 0 0 270) (size 2.6 2.6) (drill 1.6) (layers *.Cu *.Mask)
      (net 5 "Net-(J5-Pad1)"))
    (pad 1 thru_hole circle (at 0 5.08 270) (size 2.6 2.6) (drill 1.6) (layers *.Cu *.Mask)
      (net 5 "Net-(J5-Pad1)"))
    (pad 1 thru_hole circle (at 5.08 0 270) (size 2.6 2.6) (drill 1.6) (layers *.Cu *.Mask)
      (net 5 "Net-(J5-Pad1)"))
    (pad 1 thru_hole circle (at 5.08 5.08 270) (size 2.6 2.6) (drill 1.6) (layers *.Cu *.Mask)
      (net 5 "Net-(J5-Pad1)"))
    (model ${KISYS3DMOD}/Connector.3dshapes/CalTest_CT3151.wrl
      (at (xyz 0 0 0))
      (scale (xyz 1 1 1))
      (rotate (xyz 0 0 0))
    )
  )

  (module TerminalBlock_TE-Connectivity:TerminalBlock_TE_282834-4_1x04_P2.54mm_Horizontal (layer F.Cu) (tedit 5B1EC513) (tstamp 5E9ACF78)
    (at 154.94 92.71)
    (descr "Terminal Block TE 282834-4, 4 pins, pitch 2.54mm, size 10.620000000000001x6.5mm^2, drill diamater 1.1mm, pad diameter 2.1mm, see http://www.te.com/commerce/DocumentDelivery/DDEController?Action=showdoc&DocId=Customer+Drawing%7F282834%7FC1%7Fpdf%7FEnglish%7FENG_CD_282834_C1.pdf, script-generated using https://github.com/pointhi/kicad-footprint-generator/scripts/TerminalBlock_TE-Connectivity")
    (tags "THT Terminal Block TE 282834-4 pitch 2.54mm size 10.620000000000001x6.5mm^2 drill 1.1mm pad 2.1mm")
    (path /5E9BE563)
    (fp_text reference J6 (at 3.81 2.09) (layer F.SilkS)
      (effects (font (size 1 1) (thickness 0.15)))
    )
    (fp_text value Screw_Terminal_01x04 (at 3.81 4.37) (layer F.Fab)
      (effects (font (size 1 1) (thickness 0.15)))
    )
    (fp_circle (center 0 0) (end 1.1 0) (layer F.Fab) (width 0.1))
    (fp_circle (center 2.54 0) (end 3.64 0) (layer F.Fab) (width 0.1))
    (fp_circle (center 5.08 0) (end 6.18 0) (layer F.Fab) (width 0.1))
    (fp_circle (center 7.62 0) (end 8.72 0) (layer F.Fab) (width 0.1))
    (fp_line (start -1.5 -3.25) (end 9.12 -3.25) (layer F.Fab) (width 0.1))
    (fp_line (start 9.12 -3.25) (end 9.12 3.25) (layer F.Fab) (width 0.1))
    (fp_line (start 9.12 3.25) (end -1.1 3.25) (layer F.Fab) (width 0.1))
    (fp_line (start -1.1 3.25) (end -1.5 2.85) (layer F.Fab) (width 0.1))
    (fp_line (start -1.5 2.85) (end -1.5 -3.25) (layer F.Fab) (width 0.1))
    (fp_line (start -1.5 2.85) (end 9.12 2.85) (layer F.Fab) (width 0.1))
    (fp_line (start -1.62 2.85) (end 9.241 2.85) (layer F.SilkS) (width 0.12))
    (fp_line (start -1.5 -2.25) (end 9.12 -2.25) (layer F.Fab) (width 0.1))
    (fp_line (start -1.62 -2.25) (end 9.241 -2.25) (layer F.SilkS) (width 0.12))
    (fp_line (start -1.62 -3.37) (end 9.241 -3.37) (layer F.SilkS) (width 0.12))
    (fp_line (start -1.62 3.37) (end 9.241 3.37) (layer F.SilkS) (width 0.12))
    (fp_line (start -1.62 -3.37) (end -1.62 3.37) (layer F.SilkS) (width 0.12))
    (fp_line (start 9.241 -3.37) (end 9.241 3.37) (layer F.SilkS) (width 0.12))
    (fp_line (start 0.835 -0.7) (end -0.701 0.835) (layer F.Fab) (width 0.1))
    (fp_line (start 0.701 -0.835) (end -0.835 0.7) (layer F.Fab) (width 0.1))
    (fp_line (start 3.375 -0.7) (end 1.84 0.835) (layer F.Fab) (width 0.1))
    (fp_line (start 3.241 -0.835) (end 1.706 0.7) (layer F.Fab) (width 0.1))
    (fp_line (start 5.915 -0.7) (end 4.38 0.835) (layer F.Fab) (width 0.1))
    (fp_line (start 5.781 -0.835) (end 4.246 0.7) (layer F.Fab) (width 0.1))
    (fp_line (start 8.455 -0.7) (end 6.92 0.835) (layer F.Fab) (width 0.1))
    (fp_line (start 8.321 -0.835) (end 6.786 0.7) (layer F.Fab) (width 0.1))
    (fp_line (start -1.86 2.97) (end -1.86 3.61) (layer F.SilkS) (width 0.12))
    (fp_line (start -1.86 3.61) (end -1.46 3.61) (layer F.SilkS) (width 0.12))
    (fp_line (start -2 -3.75) (end -2 3.75) (layer F.CrtYd) (width 0.05))
    (fp_line (start -2 3.75) (end 9.63 3.75) (layer F.CrtYd) (width 0.05))
    (fp_line (start 9.63 3.75) (end 9.63 -3.75) (layer F.CrtYd) (width 0.05))
    (fp_line (start 9.63 -3.75) (end -2 -3.75) (layer F.CrtYd) (width 0.05))
    (fp_text user %R (at 3.81 2) (layer F.Fab)
      (effects (font (size 1 1) (thickness 0.15)))
    )
    (pad 1 thru_hole rect (at 0 0) (size 2.1 2.1) (drill 1.1) (layers *.Cu *.Mask)
      (net 5 "Net-(J5-Pad1)"))
    (pad 2 thru_hole circle (at 2.54 0) (size 2.1 2.1) (drill 1.1) (layers *.Cu *.Mask)
      (net 5 "Net-(J5-Pad1)"))
    (pad 3 thru_hole circle (at 5.08 0) (size 2.1 2.1) (drill 1.1) (layers *.Cu *.Mask)
      (net 5 "Net-(J5-Pad1)"))
    (pad 4 thru_hole circle (at 7.62 0) (size 2.1 2.1) (drill 1.1) (layers *.Cu *.Mask)
      (net 5 "Net-(J5-Pad1)"))
    (model ${KISYS3DMOD}/TerminalBlock_TE-Connectivity.3dshapes/TerminalBlock_TE_282834-4_1x04_P2.54mm_Horizontal.wrl
      (at (xyz 0 0 0))
      (scale (xyz 1 1 1))
      (rotate (xyz 0 0 0))
    )
  )

  (module Connector:CalTest_CT3151 (layer F.Cu) (tedit 5BAA5155) (tstamp 5E9AD369)
    (at 180.34 80.01 270)
    (descr "Right-angle standard banana jack, http://www.caltestelectronics.com/images/attachments/P315100rH_drawing.pdf")
    (tags "banana jack horizontal")
    (path /5E9C0F58)
    (fp_text reference J7 (at -7.62 2.54 180) (layer F.SilkS)
      (effects (font (size 1 1) (thickness 0.15)))
    )
    (fp_text value Conn_01x01_Female (at 2.54 10.54 90) (layer F.Fab)
      (effects (font (size 1 1) (thickness 0.15)))
    )
    (fp_text user %R (at 2.54 2.54 90) (layer F.Fab)
      (effects (font (size 1 1) (thickness 0.15)))
    )
    (fp_line (start 6.88 -4.71) (end -22.4 -4.71) (layer F.CrtYd) (width 0.05))
    (fp_line (start 6.88 9.79) (end 6.88 -4.71) (layer F.CrtYd) (width 0.05))
    (fp_line (start -22.4 9.79) (end 6.88 9.79) (layer F.CrtYd) (width 0.05))
    (fp_line (start -22.4 -4.71) (end -22.4 9.79) (layer F.CrtYd) (width 0.05))
    (fp_line (start 5.92 1.425) (end 5.92 3.656) (layer F.SilkS) (width 0.12))
    (fp_line (start 1.417 -0.84) (end 3.652 -0.84) (layer F.SilkS) (width 0.12))
    (fp_line (start -0.561 -2.33) (end -0.561 -1.623) (layer F.SilkS) (width 0.12))
    (fp_line (start -9.79 -4.33) (end -0.561 -2.33) (layer F.SilkS) (width 0.12))
    (fp_line (start -19.02 -4.33) (end -9.79 -4.33) (layer F.SilkS) (width 0.12))
    (fp_line (start -19.02 -3.33) (end -19.02 -4.33) (layer F.SilkS) (width 0.12))
    (fp_line (start -22.02 -3.33) (end -19.02 -3.33) (layer F.SilkS) (width 0.12))
    (fp_line (start -22.02 8.41) (end -22.02 -3.33) (layer F.SilkS) (width 0.12))
    (fp_line (start -19.02 8.41) (end -22.02 8.41) (layer F.SilkS) (width 0.12))
    (fp_line (start -19.02 9.41) (end -19.02 8.41) (layer F.SilkS) (width 0.12))
    (fp_line (start -9.79 9.41) (end -19.02 9.41) (layer F.SilkS) (width 0.12))
    (fp_line (start -0.561 7.41) (end -9.79 9.41) (layer F.SilkS) (width 0.12))
    (fp_line (start -0.561 6.703) (end -0.561 7.41) (layer F.SilkS) (width 0.12))
    (fp_line (start 3.653 5.92) (end 1.417 5.92) (layer F.SilkS) (width 0.12))
    (fp_line (start 5.8 -0.72) (end 5.8 5.8) (layer F.Fab) (width 0.1))
    (fp_line (start -0.68 -0.72) (end 5.8 -0.72) (layer F.Fab) (width 0.1))
    (fp_line (start -0.68 -2.21) (end -0.68 -0.72) (layer F.Fab) (width 0.1))
    (fp_line (start -9.79 -4.21) (end -0.68 -2.21) (layer F.Fab) (width 0.1))
    (fp_line (start -18.9 -4.21) (end -9.79 -4.21) (layer F.Fab) (width 0.1))
    (fp_line (start -18.9 -3.21) (end -18.9 -4.21) (layer F.Fab) (width 0.1))
    (fp_line (start -21.9 -3.21) (end -18.9 -3.21) (layer F.Fab) (width 0.1))
    (fp_line (start -21.9 8.29) (end -21.9 -3.21) (layer F.Fab) (width 0.1))
    (fp_line (start -18.9 8.29) (end -21.9 8.29) (layer F.Fab) (width 0.1))
    (fp_line (start -18.9 9.29) (end -18.9 8.29) (layer F.Fab) (width 0.1))
    (fp_line (start -9.79 9.29) (end -18.9 9.29) (layer F.Fab) (width 0.1))
    (fp_line (start -0.68 7.29) (end -9.79 9.29) (layer F.Fab) (width 0.1))
    (fp_line (start -0.68 5.8) (end -0.68 7.29) (layer F.Fab) (width 0.1))
    (fp_line (start 5.8 5.8) (end -0.68 5.8) (layer F.Fab) (width 0.1))
    (pad 1 thru_hole circle (at 5.08 5.08 270) (size 2.6 2.6) (drill 1.6) (layers *.Cu *.Mask)
      (net 6 "Net-(J7-Pad1)"))
    (pad 1 thru_hole circle (at 5.08 0 270) (size 2.6 2.6) (drill 1.6) (layers *.Cu *.Mask)
      (net 6 "Net-(J7-Pad1)"))
    (pad 1 thru_hole circle (at 0 5.08 270) (size 2.6 2.6) (drill 1.6) (layers *.Cu *.Mask)
      (net 6 "Net-(J7-Pad1)"))
    (pad 1 thru_hole circle (at 0 0 270) (size 2.6 2.6) (drill 1.6) (layers *.Cu *.Mask)
      (net 6 "Net-(J7-Pad1)"))
    (model ${KISYS3DMOD}/Connector.3dshapes/CalTest_CT3151.wrl
      (at (xyz 0 0 0))
      (scale (xyz 1 1 1))
      (rotate (xyz 0 0 0))
    )
  )

  (module TerminalBlock_TE-Connectivity:TerminalBlock_TE_282834-4_1x04_P2.54mm_Horizontal (layer F.Cu) (tedit 5B1EC513) (tstamp 5E9AD1AC)
    (at 173.99 92.71)
